public/data/weather/current/_20200630-surfAirTemp_WindCopy.json
{"header": { "refTime": "2020-06-30T00:00:00.000Z", "parameterCategory": 1, "parameterNumber": 1, "parameterUnit": "K", "forecastTime": 6, "surface1Type": 100, "surface1Value": 100000.0, "scanMode": 0, "nx": 512, "ny": 256, "lo1": 0, "la1": 90, "lo2": 359, "la2": -90, "dx": 0.703125, "dy": 0.701753052585095 }, "data":
[rows 56 to 83 of 256, columns 63 to 125 of 512]
280.8487,280.7889,280.7064,280.5862,280.4299,280.2267,280.0464,279.8845,279.7444,279.6201,279.5123,279.4203,279.3055,279.1902,279.0812,278.9985,278.9406,278.8723,278.7724,278.6617,278.539,278.4066,278.2863,278.1694,278.0472,277.9031,277.8386,277.8087,277.8049,277.8048,277.8464,277.9238,278.018,278.0335,278,277.9245,278.0184,278.1707,278.3622,278.4958,278.5585,278.5764,278.6046,278.5568,278.498,278.4663,278.3914,278.2924,278.1962,278.4281,278.7224,279.0424,279.3325,279.5939,279.8392,280.0699,280.2467,280.4138,280.574,280.7296,280.841,280.9277,281.0013
281.3558,281.2586,281.1349,281.0235,280.9153,280.7755,280.6379,280.5092,280.3979,280.2596,280.1455,280.0575,279.8484,279.6601,279.4984,279.3921,279.3411,279.2953,279.23,279.1512,279.0457,278.9159,278.7866,278.6446,278.4935,278.3335,278.2491,278.1801,278.1096,278.1057,278.139,278.214,278.3733,278.3274,278.1319,277.7735,277.8614,278.1608,278.6332,278.856,278.9583,279.0021,279.1465,279.2178,279.2338,279.1862,279.0583,278.9162,278.7856,278.9087,279.1342,279.4201,279.7203,279.9909,280.2275,280.4205,280.6536,280.866,281.0497,281.1625,281.2586,281.3346,281.3758
281.8885,281.7906,281.6523,281.5248,281.4006,281.2508,281.1341,281.0292,280.9232,280.7856,280.6575,280.5442,280.4146,280.287,280.1419,279.9222,279.767,279.6476,279.5599,279.5504,279.5181,279.454,279.3423,279.2024,279.0464,278.8844,278.7935,278.7101,278.6148,278.6143,278.6259,278.6652,278.8343,278.8842,278.8271,278.6256,278.7117,278.8956,279.1435,279.2563,279.3079,279.3202,279.3394,279.3217,279.2977,279.2852,279.2915,279.3448,279.4487,279.5999,279.7504,279.9107,280.1073,280.3586,280.6019,280.8092,281.002,281.1639,281.2931,281.3724,281.4651,281.5391,281.5453
282.3182,282.2079,282.0823,281.956,281.8332,281.7175,281.6021,281.4945,281.4005,281.3072,281.1893,281.0656,280.9635,280.9027,280.7698,280.5813,280.4348,280.3195,280.2115,280.1068,280.0397,279.9025,279.7612,279.6642,279.5452,279.438,279.3372,279.2332,279.1555,279.1449,279.1867,279.1967,279.2069,279.1933,279.1534,279.2006,279.3149,279.4235,279.4614,279.4995,279.5498,279.6011,279.6288,279.7049,279.7653,279.8056,279.8607,279.9341,279.9913,280.021,280.1388,280.2096,280.3187,280.5618,280.8392,281.05,281.188,281.2408,281.285,281.4058,281.6062,281.7845,281.866
282.7568,282.6232,282.4898,282.3552,282.2245,282.1425,282.05,281.9507,281.8466,281.7991,281.695,281.5684,281.4675,281.4215,281.3914,281.3546,281.2448,281.021,280.8027,280.6326,280.5582,280.4135,280.2611,280.1465,279.9952,279.8612,279.7539,279.6927,279.6492,279.6532,279.6929,279.7018,279.6754,279.6256,279.5576,279.4989,279.4623,279.4412,279.4321,279.4338,279.5228,279.6644,279.7892,279.9366,280.0841,280.2258,280.3513,280.444,280.4729,280.4261,280.447,280.5546,280.7168,280.9084,280.9969,281.0687,281.1589,281.3447,281.5604,281.765,281.9456,282.08,282.1345
283.1753,283.0139,282.8807,282.7386,282.5862,282.4941,282.4032,282.3299,282.2859,282.2498,282.1638,282.0647,282.0061,281.9366,281.899,281.883,281.8363,281.6751,281.5083,281.3714,281.2757,281.1022,280.9144,280.7578,280.5599,280.3528,280.1746,280.0972,280.0675,280.0599,280.0714,280.1068,280.1538,280.1619,280.109,279.986,279.8927,279.8111,279.7269,279.638,279.6437,279.7257,279.8507,280.0444,280.2825,280.5425,280.7307,280.9221,281.0552,281.0972,281.0277,280.9827,280.9853,281.0668,281.0925,281.1604,281.304,281.6036,281.8988,282.1567,282.3551,282.4017,282.4059
283.7405,283.5481,283.3708,283.2028,283.0468,282.9367,282.8343,282.7678,282.7582,282.7637,282.7195,282.6732,282.6975,282.6194,282.536,282.458,282.384,282.2923,282.1881,282.0729,281.9515,281.8031,281.6346,281.4484,281.219,280.9653,280.7203,280.544,280.4419,280.3829,280.365,280.4015,280.4263,280.421,280.3801,280.3538,280.3291,280.2772,280.1687,280.1614,280.2165,280.3234,280.4724,280.6807,280.9165,281.1459,281.2223,281.271,281.2766,281.2304,281.1631,281.2044,281.3372,281.5579,281.7126,281.8368,281.9581,282.1389,282.3165,282.4809,282.6084,282.5626,282.5939
284.3626,284.1986,284.0065,283.8231,283.6549,283.5084,283.382,283.3183,283.3069,283.3375,283.3423,283.3834,283.4018,283.3382,283.23,283.1395,283.0531,282.9574,282.8636,282.7655,282.672,282.5924,282.4168,282.2276,282.0442,281.8856,281.6541,281.377,281.087,280.8167,280.6362,280.5586,280.5762,280.6815,280.8183,280.8733,280.8667,280.8189,280.7072,280.6743,280.6875,280.7144,280.8518,281.0094,281.1338,281.1717,281.2265,281.3078,281.3648,281.3463,281.3571,281.4542,281.631,281.881,282.1009,282.2485,282.3776,282.5418,282.6684,282.7607,282.8082,282.8001,282.9217
285.0907,284.9391,284.7547,284.5719,284.3914,284.2142,284.1098,284.0246,283.9857,284.0201,284.1192,284.1688,284.1436,284.0182,283.9226,283.8487,283.7831,283.712,283.6415,283.523,283.3904,283.2774,283.1042,282.8816,282.6802,282.5709,282.4548,282.2074,281.914,281.66,281.4254,281.2586,281.1867,281.2367,281.2484,281.2102,281.1911,281.2601,281.2693,281.2915,281.2842,281.2049,281.0275,280.9765,280.9964,281.0316,281.1096,281.31,281.566,281.8106,281.9425,282.0171,282.0697,282.1356,282.2782,282.4029,282.5407,282.7227,282.8899,283.0291,283.1324,283.1917,283.3168
285.8018,285.6915,285.5332,285.3594,285.1916,285.0469,284.9426,284.8691,284.8568,284.8847,284.9139,284.8531,284.8114,284.7639,284.7026,284.6372,284.553,284.4915,284.4358,284.36,284.2204,284.06,283.8514,283.6063,283.3711,283.2721,283.1787,283.0197,282.7685,282.5615,282.4192,282.3362,282.2736,282.1683,281.9244,281.7514,281.6817,281.6967,281.6513,281.6937,281.6734,281.517,281.2001,281.4391,281.6653,281.8106,281.88,281.9788,282.1516,282.2627,282.2904,282.2354,282.1459,282.1933,282.3165,282.485,282.6754,282.9267,283.1577,283.3507,283.4891,283.5278,283.6116
286.5186,286.4383,286.335,286.1999,286.0376,285.8657,285.7429,285.6932,285.6988,285.7005,285.6291,285.5274,285.5346,285.5421,285.4995,285.404,285.256,285.1523,285.0812,285.016,284.9153,284.8014,284.6688,284.5259,284.3966,284.1882,284.0269,283.8493,283.6102,283.3621,283.2557,283.2304,283.183,282.9693,282.7153,282.5682,282.4554,282.3449,282.2949,282.3329,282.2803,282.1855,282.1536,282.3051,282.4987,282.6202,282.6517,282.6933,282.7008,282.6412,282.5703,282.5468,282.5602,282.5699,282.6309,282.7622,282.9633,283.1709,283.3665,283.5317,283.6471,283.6658,283.7625
287.2375,287.1549,287.0547,286.9508,286.8277,286.6859,286.5643,286.4654,286.3924,286.3296,286.2578,286.2293,286.257,286.2715,286.2359,286.1342,285.9478,285.8125,285.7204,285.6443,285.5394,285.4516,285.3605,285.2694,285.2001,285.0157,284.8435,284.6307,284.3531,284.1351,284.0566,283.9695,283.842,283.682,283.5761,283.3759,283.1485,282.9734,283.0092,283.0459,282.9785,282.8775,282.8562,282.9157,282.9653,282.994,282.9905,282.9338,282.8489,282.7758,282.7602,282.8356,282.9489,283.0852,283.1865,283.272,283.4275,283.5415,283.6282,283.7196,283.8281,283.8781,283.9966
287.9868,287.8895,287.7939,287.7004,287.6107,287.5215,287.4154,287.2844,287.1671,287.0642,286.9691,286.9079,286.891,286.8628,286.7954,286.6816,286.5424,286.4091,286.2994,286.2227,286.1359,286.03,285.9386,285.8801,285.8694,285.732,285.5786,285.3776,285.1352,285.0568,285.0981,285.0201,284.8535,284.7459,284.4961,284.1646,283.8625,283.6833,283.7421,283.7157,283.639,283.5653,283.5468,283.3772,283.3167,283.3051,283.2714,283.0862,283.1305,283.3158,283.5339,283.6849,283.7828,283.7975,283.7716,283.7577,283.8391,283.9444,284.0143,284.1099,284.2545,284.2896,284.3246
288.7758,288.6564,288.555,288.4554,288.3229,288.245,288.1512,288.0598,287.9755,287.8817,287.8025,287.7102,287.6019,287.4805,287.3596,287.2206,287.1082,286.9906,286.8399,286.7748,286.7226,286.6222,286.5052,286.4399,286.3157,286.1807,286.1091,286.0875,286.019,285.9187,285.7679,285.6403,285.5787,285.5758,285.2614,284.9512,284.7071,284.541,284.3801,284.292,284.2365,284.1719,284.0538,283.8383,283.727,283.6607,283.6017,283.5215,283.6994,283.9248,284.1361,284.2991,284.4032,284.3702,284.328,284.2765,284.222,284.2045,284.3293,284.4812,284.6138,284.7003,284.7673
289.4201,289.2992,289.1995,289.1097,289.0245,288.9301,288.8199,288.7073,288.6573,288.5891,288.5217,288.4374,288.3242,288.1852,288.0357,287.8137,287.6467,287.5439,287.4693,287.3969,287.3521,287.1848,287.0317,286.9387,286.8384,286.7185,286.6554,286.684,286.7212,286.6151,286.3793,286.1767,286.151,286.1827,285.8694,285.6595,285.4794,285.2356,284.9612,284.8398,284.7134,284.6636,284.6835,284.6342,284.5111,284.4191,284.3484,284.3486,284.4019,284.4519,284.5338,284.6722,284.7767,284.7101,284.7108,284.7111,284.6679,284.6281,284.7049,284.8847,285.0766,285.2682,285.3789
289.8794,289.7442,289.6357,289.5563,289.477,289.3994,289.3292,289.2585,289.1736,289.1273,289.0735,289.001,288.908,288.7963,288.6712,288.5055,288.3459,288.2324,288.1308,288.0031,287.8748,287.6964,287.5584,287.4417,287.349,287.253,287.1205,287.1036,287.2184,287.114,286.8979,286.7421,286.7229,286.6681,286.4036,286.3118,286.1416,285.8901,285.6534,285.495,285.2416,285.2834,285.3608,285.3125,285.2134,285.238,285.2188,285.1608,284.9885,284.8159,284.809,284.9831,285.0574,285.0821,285.0934,285.0756,285.0613,285.09,285.1798,285.2873,285.4751,285.657,285.7924
290.3327,290.2342,290.0941,289.9876,289.8657,289.7414,289.6471,289.5962,289.5225,289.4947,289.4416,289.3683,289.2924,289.2169,289.098,289.0127,288.8686,288.7226,288.5907,288.4505,288.265,288.087,287.9934,287.878,287.7601,287.666,287.6005,287.6318,287.6938,287.5972,287.4378,287.2909,287.161,286.9749,286.8637,286.8235,286.6862,286.4617,286.2373,286.0784,285.824,285.7871,285.7924,285.7462,285.6967,285.7393,285.7321,285.7514,285.5634,285.3376,285.2426,285.3071,285.3446,285.4649,285.4842,285.4368,285.4757,285.6184,285.7205,285.7921,285.8898,286,286.1341
290.6147,290.5267,290.4124,290.3286,290.2532,290.1514,290.0222,289.914,289.8392,289.7939,289.7396,289.6826,289.6246,289.5515,289.4341,289.3651,289.2616,289.1183,288.9605,288.8039,288.6203,288.3923,288.2185,288.1227,288.0803,288.0651,288.068,288.0862,288.1249,288.0687,287.9078,287.6855,287.4838,287.4076,287.3231,287.1767,287.0249,286.8624,286.7089,286.6335,286.5057,286.4189,286.4148,286.4139,286.3644,286.2638,286.114,286.1258,286.0791,286.0135,285.972,285.9507,285.8828,285.972,285.9641,285.937,285.993,286.1056,286.1398,286.1954,286.3716,286.491,286.6039
290.794,290.7147,290.6702,290.5958,290.5269,290.4336,290.2975,290.1581,290.0961,290.0136,289.9617,289.9229,289.8702,289.7867,289.6777,289.6172,289.5479,289.4203,289.2715,289.1522,289.046,288.8401,288.6251,288.4711,288.4119,288.4016,288.3517,288.3537,288.4195,288.4214,288.3249,288.1543,287.9731,287.8553,287.7023,287.538,287.4178,287.3361,287.2555,287.1391,287.0252,286.9192,286.8016,286.6742,286.5675,286.5195,286.5185,286.5525,286.6405,286.747,286.788,286.7103,286.5674,286.5128,286.4507,286.418,286.4665,286.5697,286.6329,286.6786,286.8199,286.9461,287.0685
290.8876,290.7931,290.7212,290.657,290.6059,290.5466,290.4509,290.3082,290.2252,290.1685,290.1128,290.0605,290.0065,289.9427,289.8865,289.8362,289.7698,289.6904,289.6106,289.5343,289.4417,289.3076,289.094,288.9387,288.9005,288.9366,288.9318,288.849,288.8198,288.7958,288.6883,288.5085,288.3271,288.1788,288.1162,288.0031,287.8756,287.787,287.7044,287.4986,287.3503,287.3223,287.2047,287.033,286.9076,286.896,286.902,286.9292,287.0615,287.2122,287.2705,287.1852,287.0329,287.002,286.94,286.883,286.8958,286.9821,287.0732,287.1336,287.2611,287.3813,287.522
290.8363,290.7809,290.7156,290.682,290.6602,290.6311,290.5861,290.5269,290.4169,290.357,290.2829,290.2221,290.1852,290.1489,290.0758,290.0241,289.9718,289.9225,289.8733,289.8089,289.7047,289.6647,289.5361,289.338,289.2397,289.2604,289.2328,289.1469,289.0827,289.0152,288.9179,288.8142,288.7279,288.596,288.5555,288.4885,288.3766,288.2831,288.2005,288.0091,287.923,287.8618,287.64,287.3755,287.2498,287.3511,287.4427,287.4469,287.4667,287.5052,287.5027,287.422,287.3295,287.3962,287.373,287.3722,287.4511,287.5568,287.5707,287.582,287.7042,287.7989,287.9107
290.6356,290.4774,290.3858,290.3794,290.4253,290.4505,290.5148,290.566,290.5734,290.5396,290.4775,290.4074,290.3763,290.3137,290.2862,290.262,290.2195,290.1628,290.1036,290.0367,289.9352,289.8804,289.8336,289.7293,289.6458,289.5633,289.4166,289.2914,289.241,289.2296,289.2163,289.164,289.1032,289.0405,288.9603,288.8539,288.6917,288.5797,288.482,288.4171,288.3652,288.2822,288.1459,287.9877,287.8798,287.875,287.7726,287.6808,287.6574,287.7075,287.7436,287.6751,287.5811,287.6873,287.7492,287.809,287.9354,288.0227,288.0482,288.0953,288.1938,288.2498,288.3634
290.0279,289.8631,289.8281,289.9207,290.0531,290.1982,290.3233,290.4262,290.5079,290.5615,290.5775,290.5648,290.5588,290.537,290.5606,290.5343,290.4494,290.3575,290.2947,290.2408,290.1914,290.1033,290.0322,289.9569,289.9145,289.8798,289.7921,289.6688,289.5589,289.5196,289.5007,289.4379,289.3777,289.3325,289.2765,289.1946,289.0658,289.0121,288.9703,288.8795,288.7742,288.67,288.5689,288.4864,288.442,288.357,288.1897,288.108,288.1068,288.1269,288.1046,288.0212,287.9491,288.0652,288.242,288.3653,288.4408,288.499,288.5734,288.6565,288.6893,288.7015,288.8405
289.3403,289.3392,289.4418,289.6516,289.8355,290.0187,290.1725,290.3166,290.4339,290.5074,290.5598,290.6267,290.7023,290.7512,290.7887,290.7793,290.6958,290.5742,290.4829,290.4264,290.3599,290.3051,290.2842,290.267,290.2383,290.1798,290.0845,289.982,289.9102,289.8888,289.8672,289.7869,289.707,289.6499,289.5978,289.5463,289.4899,289.418,289.3536,289.2686,289.1448,288.9906,288.8478,288.7759,288.806,288.7652,288.6535,288.6236,288.5976,288.5628,288.5485,288.5678,288.6101,288.7358,288.8559,288.8854,288.8899,288.9334,289.0159,289.0842,289.1024,289.1619,289.3156
289.1981,289.323,289.5323,289.7724,289.9153,290.047,290.1367,290.2305,290.3289,290.4211,290.5163,290.5915,290.6591,290.7092,290.7322,290.7719,290.8016,290.7859,290.7417,290.7285,290.6963,290.6334,290.5494,290.5016,290.4818,290.4247,290.3044,290.2094,290.1809,290.1528,290.1153,290.0453,289.9911,289.9813,289.9666,289.8695,289.7885,289.7049,289.5887,289.497,289.3687,289.21,289.0983,289.0849,289.0853,289.0811,289.1055,289.1253,289.102,289.0745,289.064,289.0546,289.0766,289.2161,289.3102,289.2574,289.2649,289.3495,289.4234,289.4368,289.455,289.5617,289.6879
289.5308,289.7105,289.9833,290.2342,290.2059,290.2354,290.2776,290.3272,290.3717,290.4179,290.4915,290.569,290.6516,290.713,290.7552,290.7976,290.8549,290.899,290.8972,290.8963,290.9199,290.8517,290.7101,290.6197,290.5983,290.5688,290.4767,290.3889,290.3651,290.377,290.37,290.3317,290.2607,290.1951,290.1436,290.0629,290.0244,289.9952,289.8664,289.7381,289.6416,289.559,289.4901,289.4489,289.3661,289.3463,289.4161,289.4605,289.4918,289.5317,289.5703,289.5824,289.5819,289.6693,289.6839,289.6508,289.6714,289.718,289.7352,289.7364,289.8056,289.9185,290.0626
290.21,290.3841,290.6064,290.7135,290.6513,290.5934,290.5731,290.5801,290.5978,290.6224,290.6478,290.6716,290.6836,290.6734,290.7063,290.7904,290.855,290.9276,290.9434,290.9688,290.9905,290.9544,290.8583,290.7935,290.7486,290.6902,290.6597,290.6599,290.6357,290.5926,290.5333,290.4811,290.4244,290.3622,290.3283,290.3029,290.2697,290.2005,290.1034,289.9945,289.9104,289.8407,289.7869,289.7494,289.7147,289.7157,289.7568,289.8155,289.8941,289.9522,289.9799,289.998,290.0055,290.0063,289.982,290.0217,290.0903,290.1235,290.1253,290.1728,290.3022,290.4529,290.6302
290.9343,290.9803,291.0689,291.0917,291.0362,290.9732,290.9608,290.9736,290.9611,290.9492,290.9258,290.8792,290.8419,290.7992,290.7773,290.7968,290.8264,290.8983,290.9866,291.0489,291.0485,291.0238,290.9924,290.9576,290.9315,290.9051,290.8882,290.8503,290.7589,290.6935,290.6728,290.6393,290.5365,290.4525,290.3838,290.341,290.3358,290.3288,290.3208,290.2447,290.1393,290.0479,289.9971,289.9925,289.999,290.008,290.0481,290.0851,290.1595,290.221,290.2998,290.3296,290.3438,290.3867,290.4486,290.5354,290.6096,290.6545,290.6787,290.7295,290.8499,290.9948,291.1223
