public/data/weather/current/_20200630-surfAirTemp_WindCopy.json
{"header": { "refTime": "2020-06-30T00:00:00.000Z", "parameterCategory": 1, "parameterNumber": 1, "parameterUnit": "K", "forecastTime": 6, "surface1Type": 100, "surface1Value": 100000.0, "scanMode": 0, "nx": 512, "ny": 256, "lo1": 0, "la1": 90, "lo2": 359, "la2": -90, "dx": 0.703125, "dy": 0.701753052585095 }, "data":
[rows 140 to 167 of 256, columns 126 to 188 of 512]
301.089,300.8966,300.6766,300.5184,300.3944,300.2826,300.3956,300.4149,300.473,300.4715,300.4759,300.3997,300.3458,299.9002,298.7633,298.5672,299.6234,300.7108,300.5958,300.3067,299.9581,299.8148,299.9757,300.0379,299.9054,299.9727,300.0938,300.1981,300.2623,300.3265,300.4273,300.4669,300.4532,300.4535,300.3614,300.1695,300.0672,300.1383,300.0577,300.0643,299.6598,299.1595,298.9879,299.3653,299.5343,299.6883,299.7801,299.8265,299.3548,298.5338,299.3394,298.8241,297.0321,298.2032,300.7506,301.6759,301.453,301.0299,300.6414,300.4947,300.5499,300.7735,300.7774
300.9989,300.8233,300.7149,300.6285,300.5946,300.4955,300.4869,300.484,300.5555,300.5653,300.5394,300.4566,300.3788,300.025,299.3421,299.055,300.3299,300.8661,300.5116,300.2513,299.9959,299.8709,299.87,299.9554,299.64,299.6964,300.1549,300.107,300.1451,300.328,300.5602,300.6126,300.5794,300.4947,300.3192,300.3248,300.1974,300.1417,300.0494,300.0077,299.7735,299.38,298.9784,299.3548,299.5663,299.6117,299.5765,299.7975,299.0672,297.5079,299.5721,300.5506,299.8429,298.9525,300.8214,301.3485,300.9266,300.8692,300.6644,300.7215,300.773,300.7291,300.5877
301.1749,300.9671,300.9356,300.8343,300.7674,300.6434,300.5575,300.5204,300.5081,300.4308,300.4747,300.5521,300.4471,300.1185,299.4647,299.1568,300.516,300.795,300.3529,300.0597,299.8683,299.6737,299.6761,299.9618,299.8853,299.4959,299.7867,299.994,300.2984,300.5511,300.6529,300.7572,300.6295,300.5062,300.2542,300.1966,300.2142,300.1732,300.0743,300.0899,299.9691,299.6756,299.2831,299.0746,299.1148,299.3336,299.2586,299.3102,298.326,297.2144,299.5247,300.4352,300.3346,300.3885,300.6466,300.9044,300.815,300.8995,300.8326,300.8209,300.6966,300.7276,300.6019
301.506,301.212,301.0418,300.9994,300.9344,300.7164,300.6532,300.6351,300.64,300.534,300.4327,300.485,300.3443,300.1175,299.3807,298.9217,300.3817,300.6812,300.3419,299.9576,299.6507,299.0177,298.7542,299.7733,299.848,299.1429,298.7269,298.422,299.3363,300.8033,300.9532,300.848,300.722,300.4037,300.2938,300.1961,300.1734,300.1969,300.1205,300.0829,299.9288,299.6466,299.4215,299.231,299.2467,299.381,299.3221,298.7591,297.411,297.9024,300.0789,300.1109,299.8399,300.1458,300.1988,300.3421,300.6551,300.6717,300.6754,300.6881,300.6434,300.7752,300.7413
301.7491,301.5702,301.2809,301.119,301.0189,300.8243,300.7398,300.6195,300.5628,300.412,300.3436,300.4469,300.3106,300.0172,299.0689,298.3394,300.2816,300.8233,300.4444,299.9173,299.3285,297.6307,297.9862,300.5758,300.294,299.4095,298.1478,296.2298,296.1822,300.764,301.3197,300.8763,300.7215,300.4078,300.3238,300.3031,300.3241,300.3294,300.1988,299.9933,299.8309,299.6832,299.5645,299.4444,299.3841,299.3541,299.5006,299.0238,298.0265,299.2354,300.0287,299.6927,299.2318,299.9823,300.1124,300.1493,300.4073,300.4273,300.5809,300.6573,300.7686,300.7613,300.6981
302.004,301.8338,301.5841,301.2689,301.0186,300.8109,300.6346,300.5626,300.4554,300.339,300.2354,300.1761,300.0755,299.9015,299.0018,298.1112,300.7899,301.5511,300.9483,299.7166,298.4478,297.7574,298.6761,300.1314,299.9332,299.1566,297.7872,295.7552,295.234,298.9322,300.7992,300.8189,300.6786,300.5687,300.556,300.4823,300.502,300.4176,300.3304,300.1092,300.0677,299.9178,299.7293,299.4654,299.6266,299.5626,299.1036,299.1742,299.3539,299.6363,299.7279,299.4974,299.244,300.0448,299.9974,299.974,300.2625,300.4713,300.774,300.784,300.8355,300.7113,300.7196
302.1859,302.0843,301.8612,301.5706,301.3622,301.0518,300.7489,300.6051,300.4046,300.3038,300.1532,299.9845,299.9679,299.6478,298.566,297.7108,300.4085,302.0934,301.1446,299.514,299.004,299.7818,300.9898,299.8272,299.1075,298.752,297.9247,297.0885,296.7267,298.6427,300.5577,300.8619,300.7833,300.712,300.7132,300.6549,300.6712,300.5299,300.5536,300.3961,300.3622,300.0953,299.8258,299.5997,299.8763,299.5394,297.8209,299.1314,299.7354,299.4698,299.057,299.909,300.1983,300.213,299.9671,300.0811,300.3119,300.606,300.8106,300.787,300.7772,300.6681,300.6148
302.2955,302.3106,302.0108,301.742,301.4117,301.0973,300.8258,300.6786,300.4322,300.325,300.0709,300.0128,300.0597,299.3419,297.2735,297.7967,302.6974,303.9403,300.7059,299.2857,299.4183,299.648,299.3883,298.8448,298.5465,298.5362,298.1087,297.3626,297.0665,298.9688,300.858,301.0069,300.9144,300.8824,300.8438,300.7347,300.7413,300.6771,300.7735,300.671,300.7914,300.4596,299.9483,299.7301,299.9852,299.7562,298.2027,299.0819,298.8009,298.3311,299.5724,299.931,300.0799,300.0384,300.1444,300.3143,300.4937,300.6873,300.7262,300.7638,300.7743,300.6642,300.6012
302.4247,302.4071,302.2589,301.974,301.6544,301.2694,300.9456,300.6537,300.326,300.2613,299.9703,299.9276,299.9317,299.3065,297.1187,297.5431,302.0133,302.3172,299.6156,298.5977,299.0279,298.7843,298.4483,298.6048,297.9566,297.4403,296.7672,295.8587,296.2662,299.4557,301.1805,301.2184,301.1424,301.034,300.9854,300.9098,300.8995,300.88,301.0001,300.9962,301.1685,300.7393,300.1915,300.0089,300.1273,299.8683,298.5748,298.4994,299.1358,299.3536,299.6695,299.8792,299.943,300.0318,300.245,300.3751,300.4955,300.6195,300.7572,300.7962,300.7594,300.6805,300.671
302.6139,302.5145,302.4051,302.2823,301.8932,301.3446,300.9991,300.7386,300.2491,300.1573,300.1131,300.0472,299.7391,298.8031,296.4486,297.4171,302.994,302.1888,299.8629,299.5948,299.8185,299.3866,299.087,299.287,297.9754,296.4561,295.9078,295.5831,297.1527,300.7325,301.6563,301.3902,301.4112,301.2176,301.1617,301.0318,301.0863,301.0645,301.0858,301.0243,301.1163,300.912,300.6844,300.5641,300.2267,299.2074,298.5755,299.0116,299.5431,299.5882,299.578,299.7135,299.9574,300.1703,300.3062,300.4156,300.6334,300.804,300.9127,300.8531,300.9315,300.9161,300.9142
302.7225,302.6544,302.5348,302.4591,302.1756,301.5597,301.0794,300.8038,300.3343,300.2049,300.1759,300.1148,299.869,298.5189,296.4889,297.4842,302.0003,301.7088,298.9161,298.9115,299.8822,299.6695,299.0108,298.9569,298.243,296.8377,296.3004,296.9708,298.9222,301.4295,301.6673,301.4913,301.555,301.4354,301.2923,301.1634,301.179,301.1327,301.1446,301.1473,301.1468,300.9713,300.8214,300.7188,300.4786,299.0799,297.857,298.6773,299.3744,299.537,299.683,299.8846,300.2596,300.4185,300.5367,300.5389,300.7596,300.9945,301.044,301.015,301.1012,301.1212,301.1012
302.8065,302.7794,302.6954,302.5763,302.3893,301.8289,301.1202,300.6847,300.3011,299.6039,299.6256,299.6234,299.7,298.5184,297.0018,299.067,302.5682,299.9967,297.1275,297.9022,299.4122,299.0291,298.3768,298.5445,298.2047,297.2301,297.3863,299.0877,300.8807,301.4583,301.5589,301.6925,301.627,301.4996,301.3348,301.2257,301.1458,301.0831,301.1314,301.2162,301.2806,301.1949,301.3453,301.2943,301.4644,299.6314,296.0038,296.7474,298.6407,299.628,300.1241,300.0672,300.2843,300.2491,300.3856,300.5006,300.8194,301.0345,301.1693,301.2081,301.2125,301.2711,301.2989
302.8624,302.8575,302.7743,302.7039,302.5501,302.0157,301.2684,300.7982,300.3968,299.2638,299.3687,299.2472,298.8807,297.5789,296.4185,299.5326,301.2152,298.4813,296.6576,298.0562,299.1607,298.7013,298.3128,298.0399,297.3111,297.5257,299.7494,300.984,301.2262,301.2491,301.5108,301.5892,301.5003,301.4596,301.3343,301.2184,301.0741,301.0872,301.2149,301.3123,301.4837,301.4569,301.7435,301.89,302.3585,300.5306,296.2601,296.7706,298.2437,299.6939,300.503,300.307,300.2921,300.1861,300.3617,300.5401,300.8531,301.1009,301.2896,301.3368,301.2899,301.3487,301.3687
302.9715,302.9198,302.9166,302.8458,302.5899,302.0477,301.2586,300.7276,299.8136,298.3897,298.6624,298.4798,297.4791,296.265,295.9134,298.4574,299.5699,297.6847,297.3341,298.4239,298.6517,298.4259,297.8463,297.2286,297.6834,299.3451,301.097,301.3189,300.985,300.95,300.9686,301.2555,301.3783,301.3822,301.3038,301.1998,301.1307,301.1248,301.2899,301.3216,301.4896,301.5372,301.8119,302.0421,302.4337,301.11,297.7718,297.9974,299.3272,300.285,300.7086,300.3783,300.5118,300.3624,300.5138,300.7765,301.1656,301.3805,301.5074,301.4151,301.3507,301.3299,301.3006
303.0427,302.9674,303.0094,302.9138,302.8082,302.1251,301.3112,300.5115,298.7999,298.1988,298.3659,297.701,296.2995,295.4877,295.9497,297.3715,297.9689,297.4454,297.1507,296.9525,296.3973,296.2052,296.4212,297.4265,299.493,301.0878,301.3343,301.1294,300.8503,300.1189,299.6894,300.4795,301.2028,301.2736,301.2965,301.1756,301.2091,301.2925,301.3712,301.3782,301.4503,301.5981,301.7332,301.7634,301.792,301.2236,299.9121,299.8933,300.2975,300.5988,300.5371,300.4051,300.4725,300.5486,300.7139,300.9784,301.2993,301.4649,301.5032,301.4268,301.3374,301.3173,301.3326
303.1719,303.0997,303.0479,302.882,302.9053,302.0793,301.2826,300.0753,298.3346,298.33,297.9286,296.6219,295.6415,295.6025,296.0386,296.6802,297.5907,297.4021,296.3559,295.4131,294.7289,294.6027,295.6702,298.0252,300.477,301.5185,301.3775,301.2227,301.0634,300.2972,299.6279,300.3158,301.0993,301.2262,301.2472,301.2032,301.2835,301.4152,301.4265,301.4062,301.4407,301.5034,301.5871,301.6123,301.4691,301.239,300.8022,300.6991,300.6305,300.6655,300.6664,300.6075,300.5837,300.7294,300.8875,301.0144,301.1984,301.3372,301.4226,301.4069,301.2935,301.2495,301.3698
303.2237,303.0942,303.0887,303.0241,302.8729,302.0097,300.8092,298.5942,297.8112,298.6409,298.1348,296.1046,294.9815,295.638,296.1774,296.4208,297.2459,297.1268,296.2712,295.8113,295.2697,294.599,295.2156,297.6591,300.162,301.2032,301.2361,301.1753,301.3292,301.4078,301.1517,300.9347,301.0902,301.1447,301.1636,301.2942,301.3509,301.4325,301.4287,301.3745,301.3656,301.4141,301.3521,301.3293,301.314,301.2666,301.174,301.0478,300.9238,300.8343,300.8144,300.7247,300.7589,300.8745,301.0019,301.1194,301.2149,301.2888,301.4283,301.6563,301.8836,302.0202,302.157
303.4016,303.3448,303.1683,303.1235,302.7592,301.702,299.2593,296.947,297.7685,299.4024,298.5586,296.2515,294.939,295.7709,296.3155,295.8912,295.895,295.876,295.8267,295.9863,295.7509,295.4655,295.8548,297.3868,299.3906,300.4074,300.5199,300.6794,301.0681,301.4683,301.5105,301.1981,300.9944,301.0257,301.1339,301.2645,301.3355,301.3536,301.3367,301.3068,301.2509,301.3108,301.3065,301.2623,301.2379,301.28,301.2671,301.1705,301.0528,300.9374,300.9117,300.8775,300.8568,300.9357,301.0808,301.3219,301.55,301.7814,302.0415,302.2155,302.3149,302.3265,302.3091
303.4696,303.4456,303.2713,303.3927,302.8004,300.9946,297.8251,295.5933,297.9166,300.295,299.6729,297.3383,295.7369,295.8885,295.9165,295.3654,294.9724,295.0085,295.0883,295.2112,295.4477,295.7148,296.2981,297.531,298.7909,299.1707,299.0174,299.3624,300.3049,301.0833,301.16,300.7371,300.465,300.487,300.7238,300.9751,301.0698,301.0612,301.066,301.1533,301.1988,301.1888,301.2385,301.2801,301.2783,301.2838,301.1301,301.0554,301.0388,300.9756,300.8891,300.8452,300.8954,301.032,301.2274,301.4678,301.7632,301.9391,302.0588,302.0887,302.072,302.0509,302.0099
304.0928,304.0416,303.6642,303.348,302.6307,300.9523,297.3891,295.7662,298.8463,301.1023,300.3946,297.912,296.3214,296.0406,295.5297,294.6204,293.9935,294.1412,294.3459,294.4323,294.7353,295.115,295.7413,296.847,297.5336,297.6846,297.9646,298.3808,299.2999,300.2672,300.1341,299.4082,299.0409,299.2876,299.8979,300.6145,300.745,300.7751,300.8099,300.8225,300.996,301.1288,301.2917,301.3706,301.6419,301.4734,300.5652,300.6318,300.9542,301.0019,300.9374,300.8648,300.9715,301.0341,301.2194,301.3419,301.4733,301.6064,301.7318,301.8148,301.8197,301.8174,301.7851
304.161,303.882,303.6524,303.5499,302.636,300.4808,297.1324,296.0226,298.6996,300.8526,300.5523,298.2329,296.5252,295.9969,295.3882,294.2251,293.34,293.3544,293.5511,293.4506,293.5096,293.5917,293.9184,294.7686,295.5852,296.3589,297.2675,298.0671,298.8608,299.441,299.3571,298.9569,299.0797,299.5124,299.7696,300.358,300.6833,300.4429,300.2184,300.338,300.6498,300.9456,301.2448,301.4323,301.833,300.2237,298.2458,299.5243,300.8335,301.015,301.0797,300.9102,300.9415,300.9438,301.0374,301.0848,301.1617,301.3017,301.4303,301.548,301.5897,301.5926,301.5782
304.5885,304.1743,303.779,302.9221,301.3958,299.3271,297.1032,296.4365,298.555,300.372,300.54,299.6446,297.157,295.0304,294.6638,294.0981,293.0585,292.7153,292.7951,292.7975,292.5376,292.324,292.3762,293.0947,294.4294,295.6088,296.5181,297.3747,298.2429,299.0777,299.8935,299.6148,299.6906,299.8222,299.6068,299.7116,299.8641,299.684,299.3288,299.1976,299.7968,300.5999,301.0277,301.2785,301.2038,299.8483,297.7122,297.8238,300.2604,300.9619,301.025,300.8707,300.8466,300.8691,300.8442,300.8445,300.8777,301.0134,301.1674,301.3059,301.369,301.3794,301.3795
304.5445,303.959,303.0184,301.8361,300.8023,299.6299,298.0498,297.136,298.2659,299.8628,299.859,299.6903,298.1476,294.5968,293.6527,293.3621,292.3091,292.0776,292.5746,292.6271,292.2303,292.1461,292.7287,293.9635,295.2181,295.8053,296.1175,296.5061,297.286,298.6236,299.7619,299.3978,298.8136,298.8182,298.928,299.1362,299.126,299.1125,299.1168,298.8836,298.8175,299.3523,300.2688,300.9746,301.134,300.205,298.0619,297.4711,299.6566,300.8832,300.9031,300.8755,300.787,300.7798,300.7376,300.7125,300.7238,300.8057,300.9378,301.0526,301.1363,301.2047,301.2474
302.4215,301.3346,300.2021,299.2081,298.5365,298.2169,297.7067,296.5224,296.2207,297.9596,298.6552,298.4264,297.5917,294.2658,292.0796,291.8343,291.7464,291.7452,291.7609,291.8222,291.7082,291.6178,292.1936,293.5381,294.8399,295.377,295.4363,295.7631,296.7035,298.0783,299.1595,298.8792,298.6732,298.9603,298.6671,298.7495,298.9487,299.2969,299.2687,298.6664,298.1075,298.2542,298.9622,300.0181,301.0266,301.0322,300.0057,299.278,300.278,300.7666,300.7095,300.8138,300.7341,300.7384,300.6793,300.5655,300.5124,300.5142,300.5723,300.7083,300.8679,300.9768,301.0555
299.8923,299.1992,298.3509,297.3956,296.4716,296.7802,297.4829,296.4774,295.4023,296.0067,297.4083,297.9721,296.9099,294.2388,291.351,290.4831,291.153,292.0605,292.1273,292.2692,291.6585,291.0133,291.3254,292.5552,293.9537,294.6229,294.7768,295.041,295.6525,296.7122,297.9078,298.4293,299.2075,300.378,300.5379,299.5093,299.554,300.292,300.628,299.6256,298.3923,297.8857,298.3569,299.3322,300.3483,301.0548,301.0264,300.8831,300.642,300.5703,300.6644,300.6877,300.6547,300.6611,300.5776,300.463,300.3189,300.2418,300.269,300.3724,300.514,300.6353,300.7082
299.0269,298.2646,297.7528,297.8519,297.9309,298.1261,298.7529,298.5597,297.3102,296.5323,296.8289,297.1943,296.3625,293.9247,290.8712,289.2389,289.8479,291.6283,292.8084,293.2925,291.9008,290.9805,291.3797,292.2662,293.372,294.0828,294.4679,294.9993,295.8351,296.9123,297.91,298.5842,300.0642,301.959,302.7589,301.8917,300.8057,301.9809,302.2732,301.1279,299.9314,299.2633,299.1156,299.3843,300.0701,300.8238,300.9262,300.7482,300.5622,300.4983,300.5255,300.4804,300.5534,300.6,300.5163,300.3742,300.1579,300.0135,299.9991,300.0805,300.2073,300.3112,300.3668
292.6938,291.4097,290.9989,291.8489,292.3805,293.0042,294.9312,297.2521,298.5527,298.7628,297.6926,295.9044,294.3536,292.8024,290.6756,288.6821,288.5534,289.4117,290.6134,292.0409,291.5516,291.4691,292.2787,293.1131,293.9596,294.8369,295.6606,296.4647,297.3652,298.4997,299.7425,300.5277,301.2053,302.4718,303.64,303.5036,303.1247,303.1353,303.4377,302.8779,301.6977,300.7304,299.8434,299.2194,299.5645,300.3875,300.5376,300.4494,300.4488,300.4157,300.3546,300.3164,300.3281,300.4133,300.4528,300.3191,300.0787,299.8415,299.705,299.7275,299.8499,299.9626,300.0369
281.6299,281.4787,281.7542,282.6139,282.602,283.0587,286.4353,291.3779,295.3273,297.6412,297.2712,294.2053,290.9164,289.1385,287.9071,286.793,286.1536,286.556,288.0653,289.6009,290.2943,291.6031,293.986,295.6868,296.4995,296.7554,296.9165,297.3052,297.9229,298.9938,300.6062,301.4824,301.5327,302.4823,304.0428,304.0758,303.3147,303.5911,303.7987,303.6429,303.168,302.1524,300.9942,300.0365,299.5243,299.6627,299.9434,300.0546,300.1754,300.2157,300.1458,300.0511,300.0591,300.1805,300.3004,300.2571,300.0178,299.7168,299.5349,299.5143,299.5914,299.6965,299.7534
